Evaluation Metrics:{'accuracy': 0.7072963800904978, 
                    'precision': 0.6786673308805524, 
                    'recall': 0.7072963800904978, 
                    'f1': 0.6850145580860594, 
                    'exact_match': 0.7072963800904978, 
                    'bleu_score': 0.25284713849482854}
Evaluation Loss: 0.8220964640032189